Modification Function: aggressive
Modification Noise Amount: 0.3
Dataset: bacommunity
Explaination method: gcexplainer
Baseline Activations
2
1
1
1
1
1
1
1
1
1
2
1
1
1
1
1
2
1
2
1
1
1
1
1
1
1
1
1
1
1
1
1
1
1
3
1
1
1
1
1
2
1
1
1
1
1
1
3
1
1
1
1
1
1
1
1
1
1
1
1
2
1
2
1
1
1
1
1
1
1
1
1
1
1
3
3
3
2
1
1
1
1
1
1
3
1
3
3
2
3
0
3
0
2
1
1
1
1
1
1
1
1
1
1
1
1
1
1
2
1
1
1
1
1
1
1
1
1
1
1
1
1
1
3
1
3
2
1
1
1
1
1
1
1
1
1
1
1
1
1
1
1
1
1
1
1
1
1
1
1
1
1
1
1
1
1
1
1
1
1
1
1
1
1
1
1
1
1
1
1
1
1
1
1
1
1
1
1
1
1
1
1
1
1
1
1
1
1
1
1
1
1
1
1
1
1
1
1
1
1
1
1
1
1
1
1
1
1
1
1
1
1
1
1
1
1
1
1
1
1
1
1
1
1
1
1
1
1
1
1
1
1
1
1
1
1
1
1
1
1
1
1
1
1
1
1
1
1
2
1
1
1
3
0
0
2
1
1
1
2
2
1
1
1
1
1
1
1
1
1
1
3
1
2
1
1
1
1
1
1
Modified Activations
1
1
0
1
0
1
0
0
1
1
2
1
0
0
1
1
0
0
2
1
1
1
1
1
1
1
1
1
1
1
1
1
1
1
2
1
0
0
1
1
0
1
0
1
1
0
1
2
1
2
1
1
1
0
1
1
1
1
1
1
0
1
0
1
1
1
1
1
1
1
1
0
1
0
2
3
2
0
1
1
1
2
1
1
2
0
2
2
0
2
3
2
3
1
1
0
1
0
1
0
1
1
1
1
1
1
1
1
0
0
0
1
1
0
1
1
1
0
0
1
1
1
1
2
1
2
0
1
2
1
0
1
0
1
1
1
1
1
1
0
1
1
1
1
1
1
1
1
1
1
1
1
1
1
1
1
1
1
1
1
1
1
1
1
0
1
1
1
1
1
1
1
0
1
1
1
1
1
1
2
1
1
1
1
0
1
1
0
0
1
0
0
1
1
0
1
1
0
1
0
0
1
1
1
2
0
1
0
1
0
1
1
1
1
1
1
1
1
1
1
1
1
1
0
0
1
2
1
0
1
1
1
1
1
1
1
0
1
2
0
1
2
1
1
1
1
1
1
2
1
0
1
3
0
3
0
1
1
1
0
0
0
1
1
1
1
1
0
1
1
0
2
1
1
1
1
1
1
1
1
fidelity_plus: 0.24642857142857144
completeness: 0.08571428571428572
