Modification Function: aggressive
Modification Noise Amount: 0.3
Dataset: bacommunity
Explaination method: gcexplainer
Baseline Activations
3
1
1
1
1
1
1
1
1
1
3
1
1
1
1
1
3
1
3
1
1
1
1
1
1
1
1
1
1
1
1
1
1
1
0
1
1
1
1
1
3
1
1
1
1
1
1
0
1
1
1
1
1
1
1
1
1
1
1
1
3
1
3
1
1
1
1
1
1
1
1
1
1
1
0
0
0
0
1
1
1
1
1
1
0
1
0
0
3
0
2
0
0
0
1
1
1
1
1
1
1
1
1
1
1
1
1
1
3
1
1
1
1
1
1
1
1
1
1
1
1
1
1
0
1
0
3
1
1
1
1
1
1
1
1
1
1
1
1
1
1
1
1
1
1
1
1
1
1
1
1
1
1
1
1
1
1
1
1
1
1
1
1
1
1
1
1
1
1
1
1
1
1
1
1
1
1
1
1
1
1
1
1
1
1
1
1
1
1
1
1
1
1
1
1
1
1
1
1
1
1
1
1
1
1
1
1
1
1
1
1
1
1
1
1
1
1
1
1
1
1
1
1
1
1
1
1
1
1
1
1
1
1
1
1
1
1
1
1
1
1
1
1
1
1
1
1
1
3
1
1
1
2
2
2
3
1
1
1
0
3
1
1
1
1
1
1
1
1
1
1
0
1
3
1
1
1
1
1
1
Modified Activations
0
2
1
1
1
0
1
1
1
1
0
1
0
1
1
1
1
1
0
1
1
1
1
1
1
2
2
1
1
1
1
1
2
2
2
1
1
2
1
1
1
2
1
1
2
2
1
0
2
1
1
1
2
1
1
1
1
1
0
2
0
1
0
1
1
1
2
1
1
1
1
0
1
1
2
2
2
0
1
1
1
1
1
1
0
1
0
0
0
2
0
0
3
1
1
0
1
2
1
1
1
1
2
1
1
2
1
1
2
1
2
2
1
1
2
1
1
1
1
1
1
1
1
0
1
0
0
1
1
1
1
1
1
1
1
1
2
1
1
1
1
2
1
2
1
1
2
1
1
1
1
2
1
1
2
0
1
2
1
1
2
1
1
1
1
1
2
1
1
1
1
1
2
2
1
1
1
1
1
1
1
0
1
1
1
1
1
1
1
2
2
1
1
2
2
1
1
2
1
1
1
2
1
0
0
1
1
1
2
1
1
1
2
1
1
1
1
1
1
1
1
1
2
1
0
1
1
2
1
1
1
1
1
1
1
1
1
1
1
2
1
1
1
2
1
1
1
1
0
1
1
2
0
2
3
2
2
2
0
0
0
2
2
1
2
0
2
1
2
1
1
0
2
0
2
0
1
0
1
1
fidelity_plus: -0.04642857142857143
completeness: 0.10714285714285714
