Modification Function: aggressive
Modification Noise Amount: 0.8
Dataset: bacommunity
Explaination method: gcexplainer
Baseline Activations
3
0
0
0
0
0
0
0
0
0
3
0
0
0
0
0
3
0
3
0
0
0
0
0
0
0
0
0
0
0
0
0
0
0
1
0
0
0
0
0
3
0
0
0
0
0
0
1
0
0
0
0
0
0
0
0
0
0
0
0
3
0
3
0
0
0
0
0
0
0
0
0
0
0
1
1
1
1
0
0
0
0
0
0
1
0
1
1
3
1
2
1
1
1
0
0
0
0
0
0
0
0
0
0
0
0
0
0
3
0
0
0
0
0
0
0
0
0
0
0
0
0
0
1
0
1
3
0
0
0
0
0
0
0
0
0
0
0
0
0
0
0
0
0
0
0
0
0
0
0
0
0
0
0
0
0
0
0
0
0
0
0
0
0
0
0
0
0
0
0
0
0
0
0
0
0
0
0
0
0
0
0
0
0
0
0
0
0
0
0
0
0
0
0
0
0
0
0
0
0
0
0
0
0
0
0
0
0
0
0
0
0
0
0
0
0
0
0
0
0
0
0
0
0
0
0
0
0
0
0
0
0
0
0
0
0
0
0
0
0
0
0
0
0
0
0
0
0
3
0
0
0
2
2
2
3
0
0
0
1
3
0
0
0
0
0
0
0
0
0
0
1
0
3
0
0
0
0
0
0
Modified Activations
0
1
2
2
0
1
2
1
1
0
1
1
0
2
2
1
0
0
2
0
2
0
1
0
0
0
2
0
1
0
0
1
0
1
0
2
0
2
2
0
1
1
0
2
0
0
2
1
0
1
2
0
1
2
2
2
1
0
0
2
0
0
0
0
0
2
1
1
2
1
0
0
2
2
2
0
2
0
0
0
0
2
0
0
2
0
2
0
0
2
1
0
0
0
2
1
0
0
1
2
0
0
0
0
0
1
2
0
2
1
0
0
0
1
0
1
1
0
2
0
1
0
1
2
0
0
2
0
0
2
2
2
1
0
0
2
0
0
0
0
2
0
0
1
1
2
2
0
0
2
0
0
1
2
0
0
0
2
0
2
0
0
1
0
2
1
0
2
1
0
0
0
0
2
1
0
0
1
0
0
1
0
1
1
0
0
2
1
0
0
1
1
2
0
2
2
0
2
0
1
0
0
2
0
0
2
0
0
1
1
0
0
2
1
0
0
2
1
0
0
1
2
0
1
1
0
0
0
0
2
2
0
0
2
0
1
1
0
1
1
0
1
1
0
0
2
0
1
0
0
2
2
0
0
0
0
0
1
1
1
2
0
2
0
0
1
0
2
2
0
1
2
0
1
1
0
0
1
1
0
fidelity_plus: -0.5071428571428571
completeness: 0.05714285714285714
