Modification Function: aggressive
Modification Noise Amount: 0.8
Dataset: bacommunity
Explaination method: gcexplainer
Baseline Activations
3
1
1
1
1
1
1
1
1
1
3
1
1
1
1
1
3
1
3
1
1
1
1
1
1
1
1
1
1
1
1
1
1
1
2
1
1
1
1
1
3
1
1
1
1
1
1
2
1
1
1
1
1
1
1
1
1
1
1
1
3
1
3
1
1
1
1
1
1
1
1
1
1
1
2
2
2
2
1
1
1
1
1
1
2
1
2
2
3
2
0
2
2
2
1
1
1
1
1
1
1
1
1
1
1
1
1
1
3
1
1
1
1
1
1
1
1
1
1
1
1
1
1
2
1
2
3
1
1
1
1
1
1
1
1
1
1
1
1
1
1
1
1
1
1
1
1
1
1
1
1
1
1
1
1
1
1
1
1
1
1
1
1
1
1
1
1
1
1
1
1
1
1
1
1
1
1
1
1
1
1
1
1
1
1
1
1
1
1
1
1
1
1
1
1
1
1
1
1
1
1
1
1
1
1
1
1
1
1
1
1
1
1
1
1
1
1
1
1
1
1
1
1
1
1
1
1
1
1
1
1
1
1
1
1
1
1
1
1
1
1
1
1
1
1
1
1
1
3
1
1
1
0
0
0
3
1
1
1
2
3
1
1
1
1
1
1
1
1
1
1
2
1
3
1
1
1
1
1
1
Modified Activations
1
0
1
0
2
0
0
2
2
2
0
2
2
1
2
1
1
0
3
0
0
1
1
2
1
0
0
1
2
1
1
0
0
2
2
2
1
1
0
2
2
1
0
0
1
1
0
0
1
1
2
0
0
2
1
0
2
1
2
1
2
0
2
2
0
0
0
2
0
2
2
0
2
0
1
2
0
1
0
0
1
2
0
0
0
0
0
0
2
1
0
2
0
1
2
2
0
0
0
0
0
0
1
0
1
1
0
0
0
0
0
0
0
2
0
0
2
2
0
0
0
2
0
1
0
0
1
0
2
2
0
0
0
2
0
0
2
0
0
0
2
0
1
1
0
2
2
1
1
2
0
0
2
0
1
1
1
0
0
0
2
1
1
0
1
0
0
2
0
2
0
0
1
0
0
0
2
0
2
2
0
2
0
1
0
1
2
0
0
0
0
0
0
0
0
1
0
1
0
1
1
2
2
2
1
2
1
0
0
1
1
0
2
0
2
0
1
2
0
1
2
1
1
2
0
1
0
1
0
1
0
1
0
0
1
1
0
2
0
0
2
1
2
1
0
1
2
1
0
2
0
1
1
1
1
1
0
0
0
2
0
0
0
0
1
1
2
1
1
0
2
2
2
1
1
0
0
0
0
0
fidelity_plus: 0.3535714285714286
completeness: 0.05714285714285714
