Modification Function: conservative
Modification Noise Amount: 0.8
Dataset: bacommunity
Explaination method: gcexplainer
Baseline Activations
2
1
1
1
1
1
1
1
1
1
2
1
1
1
1
1
2
1
2
1
1
1
1
1
1
1
1
1
1
1
1
1
1
1
0
1
1
1
1
1
2
1
1
1
1
1
1
0
1
1
1
1
1
1
1
1
1
1
1
1
2
1
2
1
1
1
1
1
1
1
1
1
1
1
0
0
0
2
1
1
1
1
1
1
0
1
0
0
2
0
3
0
3
2
1
1
1
1
1
1
1
1
1
1
1
1
1
1
2
1
1
1
1
1
1
1
1
1
1
1
1
1
1
0
1
0
2
1
1
1
1
1
1
1
1
1
1
1
1
1
1
1
1
1
1
1
1
1
1
1
1
1
1
1
1
1
1
1
1
1
1
1
1
1
1
1
1
1
1
1
1
1
1
1
1
1
1
1
1
1
1
1
1
1
1
1
1
1
1
1
1
1
1
1
1
1
1
1
1
1
1
1
1
1
1
1
1
1
1
1
1
1
1
1
1
1
1
1
1
1
1
1
1
1
1
1
1
1
1
1
1
1
1
1
1
1
1
1
1
1
1
1
1
1
1
1
1
1
2
1
1
1
0
3
3
2
1
1
1
2
2
1
1
1
1
1
1
1
1
1
1
0
1
2
1
1
1
1
1
1
Modified Activations
3
3
0
0
0
3
3
3
3
3
1
3
3
0
0
0
1
3
1
0
0
3
3
3
3
3
3
0
3
3
3
3
3
0
3
0
3
0
3
3
1
0
3
3
0
3
3
3
0
3
3
0
3
3
0
3
0
0
0
3
3
0
3
3
3
3
0
0
0
3
3
0
0
0
1
3
1
0
0
3
3
0
0
0
3
0
0
3
3
0
2
3
2
1
3
0
0
3
0
0
3
3
3
3
0
0
3
0
1
0
0
0
0
3
0
3
0
0
3
3
3
3
0
3
0
1
1
3
0
3
3
0
3
3
0
3
3
3
3
3
0
3
3
3
0
3
0
0
3
0
0
0
3
0
3
0
3
3
3
0
3
3
0
0
3
0
3
3
3
0
3
0
3
3
0
3
0
3
3
3
3
3
3
3
3
0
3
0
3
3
0
3
3
3
3
0
0
0
3
0
3
3
0
0
0
3
3
0
0
3
3
3
3
3
3
0
0
3
0
0
3
0
0
0
0
3
3
3
0
3
3
0
0
3
0
3
3
3
3
0
0
0
0
0
0
0
0
0
3
0
0
0
1
2
2
1
3
3
3
1
1
3
3
3
3
3
3
3
3
3
3
1
3
1
0
0
0
0
0
0
fidelity_plus: -0.6214285714285714
completeness: 0.08214285714285714
