Modification Function: aggressive
Modification Noise Amount: 0.1
Dataset: bacommunity
Explaination method: gcexplainer
Baseline Activations
2
0
0
0
0
0
0
0
0
0
2
0
0
0
0
0
2
0
2
0
0
0
0
0
0
0
0
0
0
0
0
0
0
0
3
0
0
0
0
0
2
0
0
0
0
0
0
3
0
0
0
0
0
0
0
0
0
0
0
0
2
0
2
0
0
0
0
0
0
0
0
0
0
0
3
3
3
3
0
0
0
0
0
0
3
0
3
3
2
3
1
3
3
3
0
0
0
0
0
0
0
0
0
0
0
0
0
0
2
0
0
0
0
0
0
0
0
0
0
0
0
0
0
3
0
3
2
0
0
0
0
0
0
0
0
0
0
0
0
0
0
0
0
0
0
0
0
0
0
0
0
0
0
0
0
0
0
0
0
0
0
0
0
0
0
0
0
0
0
0
0
0
0
0
0
0
0
0
0
0
0
0
0
0
0
0
0
0
0
0
0
0
0
0
0
0
0
0
0
0
0
0
0
0
0
0
0
0
0
0
0
0
0
0
0
0
0
0
0
0
0
0
0
0
0
0
0
0
0
0
0
0
0
0
0
0
0
0
0
0
0
0
0
0
0
0
0
0
2
0
0
0
1
1
1
2
0
0
0
3
2
0
0
0
0
0
0
0
0
0
0
3
0
2
0
0
0
0
0
0
Modified Activations
0
1
0
1
1
1
1
1
1
1
0
1
3
1
1
1
0
1
0
1
1
1
1
1
1
1
1
1
1
1
1
1
1
1
3
1
1
1
1
3
0
1
3
1
1
1
1
2
1
1
1
1
1
1
1
1
1
1
1
1
0
1
0
1
1
1
1
1
1
1
1
1
1
1
2
3
3
3
1
1
1
1
1
1
3
1
3
3
0
3
2
3
2
0
1
1
1
1
1
1
1
1
1
1
3
1
1
1
0
0
1
1
1
1
0
1
1
1
1
1
1
0
1
3
1
3
3
1
1
1
3
1
1
1
1
1
1
0
1
1
1
1
1
1
0
1
1
1
1
1
1
1
1
1
1
1
1
1
0
1
1
1
1
1
1
1
1
1
1
1
1
1
1
1
1
1
1
1
1
1
1
1
1
1
1
1
1
1
1
1
1
1
1
1
1
1
3
1
1
1
1
1
1
1
1
1
1
1
1
1
1
1
1
1
1
1
1
1
1
1
1
1
1
1
0
1
0
1
1
1
1
1
1
1
1
1
1
1
1
1
1
1
1
1
1
1
1
1
3
1
1
1
2
2
2
0
1
1
1
3
0
1
1
1
1
1
1
0
1
0
1
3
1
0
1
3
1
1
3
1
fidelity_plus: -0.8071428571428572
completeness: 0.09642857142857143
