Modification Function: aggressive
Modification Noise Amount: 0.5
Dataset: bacommunity
Explaination method: gcexplainer
Baseline Activations
0
1
1
1
1
1
1
1
1
1
0
1
1
1
1
1
0
1
0
1
1
1
1
1
1
1
1
1
1
1
1
1
1
1
3
1
1
1
1
1
0
1
1
1
1
1
1
3
1
1
1
1
1
1
1
1
1
1
1
1
0
1
0
1
1
1
1
1
1
1
1
1
1
1
3
3
3
3
1
1
1
1
1
1
3
1
3
3
0
3
2
3
3
3
1
1
1
1
1
1
1
1
1
1
1
1
1
1
0
1
1
1
1
1
1
1
1
1
1
1
1
1
1
3
1
3
0
1
1
1
1
1
1
1
1
1
1
1
1
1
1
1
1
1
1
1
1
1
1
1
1
1
1
1
1
1
1
1
1
1
1
1
1
1
1
1
1
1
1
1
1
1
1
1
1
1
1
1
1
1
1
1
1
1
1
1
1
1
1
1
1
1
1
1
1
1
1
1
1
1
1
1
1
1
1
1
1
1
1
1
1
1
1
1
1
1
1
1
1
1
1
1
1
1
1
1
1
1
1
1
1
1
1
1
1
1
1
1
1
1
1
1
1
1
1
1
1
1
0
1
1
1
2
2
2
0
1
1
1
3
0
1
1
1
1
1
1
1
1
1
1
3
1
0
1
1
1
1
1
1
Modified Activations
0
2
1
1
1
1
0
0
0
1
0
1
1
1
1
0
1
1
0
1
0
1
1
0
2
0
1
0
0
0
1
0
0
1
2
1
1
1
0
1
0
0
1
1
1
1
0
0
0
1
0
1
1
1
1
1
1
1
0
1
2
0
2
1
0
1
0
1
1
1
1
0
0
0
0
2
0
2
1
0
2
1
1
1
0
1
2
0
2
2
3
2
1
2
1
1
1
0
0
1
0
0
1
1
1
1
1
1
2
0
1
2
1
0
1
0
1
1
1
1
1
1
1
2
0
3
2
0
0
2
1
0
2
0
2
1
0
0
1
1
2
1
0
1
1
2
1
1
0
2
1
1
0
1
1
1
0
1
1
1
1
1
0
1
1
2
0
0
1
1
1
0
1
1
2
1
0
1
2
2
1
0
1
1
0
0
1
0
1
1
1
1
0
2
1
0
0
1
1
1
0
0
0
2
0
1
0
0
1
1
1
1
0
2
2
1
1
1
0
0
1
0
1
1
0
0
1
0
1
1
1
0
2
1
0
0
0
0
1
0
1
1
1
1
1
1
0
0
2
1
1
0
2
1
0
0
2
1
1
0
2
1
1
1
0
1
0
0
1
0
0
1
0
2
1
1
1
0
2
0
fidelity_plus: 0.28214285714285714
completeness: 0.075
