Modification Function: aggressive
Modification Noise Amount: 0.5
Dataset: bacommunity
Explaination method: gcexplainer
Baseline Activations
1
0
0
0
0
0
0
0
0
0
1
0
0
0
0
0
1
0
1
0
0
0
0
0
0
0
0
0
0
0
0
0
0
0
2
0
0
0
0
0
1
0
0
0
0
0
0
2
0
0
0
0
0
0
0
0
0
0
0
0
1
0
1
0
0
0
0
0
0
0
0
0
0
0
2
2
2
1
0
0
0
0
0
0
2
0
2
2
1
2
3
2
3
1
0
0
0
0
0
0
0
0
0
0
0
0
0
0
1
0
0
0
0
0
0
0
0
0
0
0
0
0
0
2
0
2
1
0
0
0
0
0
0
0
0
0
0
0
0
0
0
0
0
0
0
0
0
0
0
0
0
0
0
0
0
0
0
0
0
0
0
0
0
0
0
0
0
0
0
0
0
0
0
0
0
0
0
0
0
0
0
0
0
0
0
0
0
0
0
0
0
0
0
0
0
0
0
0
0
0
0
0
0
0
0
0
0
0
0
0
0
0
0
0
0
0
0
0
0
0
0
0
0
0
0
0
0
0
0
0
0
0
0
0
0
0
0
0
0
0
0
0
0
0
0
0
0
0
1
0
0
0
2
3
3
1
0
0
0
1
1
0
0
0
0
0
0
0
0
0
0
2
0
1
0
0
0
0
0
0
Modified Activations
2
0
2
2
2
2
0
0
0
2
2
2
2
2
0
0
0
0
1
0
0
0
2
0
0
2
0
0
0
0
0
0
2
2
1
0
0
2
2
2
0
2
0
2
0
0
2
1
0
0
0
2
2
2
2
2
2
0
0
0
0
2
0
2
0
2
2
2
0
0
0
0
0
2
1
2
1
1
2
2
0
2
0
2
2
0
1
1
2
2
1
1
3
2
2
2
0
2
0
2
2
0
0
0
0
2
2
2
2
0
0
0
0
2
2
0
0
0
2
2
2
2
0
1
0
2
2
0
2
0
2
0
2
2
2
0
0
0
0
2
0
0
0
0
0
2
2
0
0
0
0
2
0
0
0
0
0
2
0
0
0
0
0
2
0
2
0
0
0
0
2
2
2
0
2
2
2
2
0
0
0
0
2
0
2
0
0
0
2
0
0
2
2
0
2
2
0
0
0
2
2
0
0
0
0
2
0
2
2
2
0
0
0
0
0
0
2
2
2
0
0
2
2
0
0
0
2
0
0
2
2
2
2
0
2
0
0
2
2
2
0
2
0
0
0
2
2
2
2
0
2
2
2
3
3
0
0
0
2
0
2
2
2
2
0
0
0
0
2
0
0
1
0
2
2
0
2
0
0
0
fidelity_plus: -0.7357142857142858
completeness: 0.07142857142857142
