Modification Function: aggressive
Modification Noise Amount: 0.1
Dataset: bacommunity
Explaination method: gcexplainer
Baseline Activations
3
0
0
0
0
0
0
0
0
0
3
0
0
0
0
0
3
0
3
0
0
0
0
0
0
0
0
0
0
0
0
0
0
0
1
0
0
0
0
0
3
0
0
0
0
0
0
1
0
0
0
0
0
0
0
0
0
0
0
0
3
0
3
0
0
0
0
0
0
0
0
0
0
0
1
1
1
3
0
0
0
0
0
0
1
0
1
1
3
1
2
1
2
3
0
0
0
0
0
0
0
0
0
0
0
0
0
0
3
0
0
0
0
0
0
0
0
0
0
0
0
0
0
1
0
1
3
0
0
0
0
0
0
0
0
0
0
0
0
0
0
0
0
0
0
0
0
0
0
0
0
0
0
0
0
0
0
0
0
0
0
0
0
0
0
0
0
0
0
0
0
0
0
0
0
0
0
0
0
0
0
0
0
0
0
0
0
0
0
0
0
0
0
0
0
0
0
0
0
0
0
0
0
0
0
0
0
0
0
0
0
0
0
0
0
0
0
0
0
0
0
0
0
0
0
0
0
0
0
0
0
0
0
0
0
0
0
0
0
0
0
0
0
0
0
0
0
0
3
0
0
0
1
2
2
3
0
0
0
3
3
0
0
0
0
0
0
0
0
0
0
1
0
3
0
0
0
0
0
0
Modified Activations
3
1
1
1
1
1
1
1
1
1
3
3
1
1
1
1
3
1
0
1
1
1
1
1
1
1
1
1
1
1
1
1
1
1
0
1
1
3
1
1
3
1
1
3
1
1
1
0
1
1
1
1
1
3
1
1
1
1
1
1
3
1
3
3
1
1
1
1
1
1
1
3
1
1
2
0
0
0
1
1
1
1
1
1
3
3
0
2
3
0
2
0
2
0
1
1
1
1
1
1
1
1
1
1
1
1
1
1
3
1
1
1
1
1
1
3
1
1
1
1
1
1
1
0
1
0
3
1
1
1
1
1
1
1
1
1
1
1
1
1
1
1
1
1
1
1
1
1
1
1
1
1
3
1
1
1
1
1
1
1
1
1
3
1
1
1
1
1
1
1
1
1
1
1
1
1
1
1
1
1
1
1
1
1
1
3
1
1
1
1
1
1
1
1
1
1
1
1
1
1
1
1
1
1
1
1
1
1
1
1
1
1
1
1
1
1
1
1
1
1
1
1
1
1
1
1
1
1
1
1
1
1
1
1
1
1
1
1
1
1
1
1
3
1
1
1
1
1
0
1
1
1
2
2
2
3
1
1
1
0
3
1
1
1
1
1
1
1
1
1
1
0
1
3
1
3
1
1
1
1
fidelity_plus: -0.8964285714285715
completeness: 0.08571428571428572
