Modification Function: conservative
Modification Noise Amount: 0.8
Dataset: bacommunity
Explaination method: gcexplainer
Baseline Activations
3
0
0
0
0
0
0
0
0
0
3
0
0
0
0
0
3
0
3
0
0
0
0
0
0
0
0
0
0
0
0
0
0
0
1
0
0
0
0
0
3
0
0
0
0
0
0
1
0
0
0
0
0
0
0
0
0
0
0
0
3
0
3
0
0
0
0
0
0
0
0
0
0
0
1
1
1
1
0
0
0
0
0
0
1
0
1
1
3
1
2
1
1
1
0
0
0
0
0
0
0
0
0
0
0
0
0
0
3
0
0
0
0
0
0
0
0
0
0
0
0
0
0
1
0
1
3
0
0
0
0
0
0
0
0
0
0
0
0
0
0
0
0
0
0
0
0
0
0
0
0
0
0
0
0
0
0
0
0
0
0
0
0
0
0
0
0
0
0
0
0
0
0
0
0
0
0
0
0
0
0
0
0
0
0
0
0
0
0
0
0
0
0
0
0
0
0
0
0
0
0
0
0
0
0
0
0
0
0
0
0
0
0
0
0
0
0
0
0
0
0
0
0
0
0
0
0
0
0
0
0
0
0
0
0
0
0
0
0
0
0
0
0
0
0
0
0
0
3
0
0
0
2
2
2
3
0
0
0
1
3
0
0
0
0
0
0
0
0
0
0
1
0
3
0
0
0
0
0
0
Modified Activations
0
2
3
3
3
3
3
2
3
2
0
2
2
2
3
3
0
3
0
3
3
2
2
2
3
3
2
3
2
2
2
2
2
3
2
3
3
2
2
2
0
2
3
2
2
2
2
2
3
2
3
3
2
3
3
2
2
2
3
2
2
3
0
3
2
2
2
3
2
2
2
2
2
3
2
2
2
2
3
3
2
3
3
3
3
3
2
2
2
2
1
2
1
0
2
2
2
2
2
2
2
3
2
3
2
2
3
3
0
3
3
2
3
3
3
3
3
3
2
2
3
2
3
2
3
0
0
3
3
3
2
3
2
2
2
2
3
2
3
3
3
2
3
3
2
2
2
3
3
2
2
2
2
3
3
2
3
3
3
3
2
3
2
3
3
2
3
3
3
3
2
3
3
3
3
2
3
2
3
2
3
2
2
2
2
2
2
3
2
2
2
2
2
2
2
2
3
2
3
3
2
2
3
2
2
2
2
2
2
2
2
2
3
2
2
2
2
3
2
2
3
3
3
2
2
2
2
3
2
3
3
2
3
2
3
2
2
2
3
3
2
2
2
2
3
2
2
2
2
3
3
2
0
1
1
0
2
2
2
0
0
2
2
3
2
3
2
2
2
3
2
1
2
0
3
3
3
3
3
3
fidelity_plus: -2.032142857142857
completeness: 0.11428571428571428
