Modification Function: conservative
Modification Noise Amount: 0.5
Dataset: bacommunity
Explaination method: gcexplainer
Baseline Activations
3
1
1
1
1
1
1
1
1
1
3
1
1
1
1
1
3
1
3
1
1
1
1
1
1
1
1
1
1
1
1
1
1
1
2
1
1
1
1
1
3
1
1
1
1
1
1
2
1
1
1
1
1
1
1
1
1
1
1
1
3
1
3
1
1
1
1
1
1
1
1
1
1
1
2
2
2
2
1
1
1
1
1
1
2
1
2
2
3
2
0
2
2
2
1
1
1
1
1
1
1
1
1
1
1
1
1
1
3
1
1
1
1
1
1
1
1
1
1
1
1
1
1
2
1
2
3
1
1
1
1
1
1
1
1
1
1
1
1
1
1
1
1
1
1
1
1
1
1
1
1
1
1
1
1
1
1
1
1
1
1
1
1
1
1
1
1
1
1
1
1
1
1
1
1
1
1
1
1
1
1
1
1
1
1
1
1
1
1
1
1
1
1
1
1
1
1
1
1
1
1
1
1
1
1
1
1
1
1
1
1
1
1
1
1
1
1
1
1
1
1
1
1
1
1
1
1
1
1
1
1
1
1
1
1
1
1
1
1
1
1
1
1
1
1
1
1
1
3
1
1
1
0
0
0
3
1
1
1
2
3
1
1
1
1
1
1
1
1
1
1
2
1
3
1
1
1
1
1
1
Modified Activations
3
1
3
1
1
1
1
1
1
3
3
1
1
1
1
1
3
3
3
1
1
3
1
1
3
3
3
3
1
3
1
1
3
1
3
1
3
3
3
1
3
1
3
3
1
1
3
3
1
3
1
3
1
3
1
1
1
3
1
3
3
1
3
1
3
3
1
1
1
1
3
3
3
1
3
3
3
3
1
1
1
1
1
1
3
1
3
3
3
3
2
3
2
0
1
3
1
3
3
1
1
1
3
1
1
1
1
1
0
1
1
1
1
1
3
3
1
1
3
1
3
3
1
3
1
0
3
3
3
1
3
1
1
3
1
3
1
3
3
3
1
1
1
1
1
3
3
3
1
1
1
1
1
1
1
1
1
3
1
1
3
3
1
3
3
1
1
3
3
1
1
3
3
1
1
1
3
1
1
1
1
3
1
1
1
3
1
1
3
1
3
3
1
3
1
3
1
3
3
1
1
3
3
3
3
1
3
3
3
3
3
1
1
1
3
1
3
1
1
1
1
1
1
1
3
3
3
3
1
3
3
3
1
3
1
3
1
1
1
1
3
3
3
3
3
3
3
1
3
1
1
3
0
2
2
0
3
1
1
0
3
3
3
1
1
1
1
1
3
1
3
0
3
3
3
1
1
1
1
1
fidelity_plus: -0.7285714285714285
completeness: 0.08928571428571429
