Modification Function: conservative
Modification Noise Amount: 0.0
Dataset: bacommunity
Explaination method: gcexplainer
Baseline Activations
1
3
3
3
3
3
3
3
3
3
1
3
3
3
3
3
1
3
1
3
3
3
3
3
3
3
3
3
3
3
3
3
3
3
0
3
3
3
3
3
1
3
3
3
3
3
3
0
3
3
3
3
3
3
3
3
3
3
3
3
1
3
1
3
3
3
3
3
3
3
3
3
3
3
0
0
0
0
3
3
3
3
3
3
0
3
0
0
1
0
2
0
0
0
3
3
3
3
3
3
3
3
3
3
3
3
3
3
1
3
3
3
3
3
3
3
3
3
3
3
3
3
3
0
3
0
1
3
3
3
3
3
3
3
3
3
3
3
3
3
3
3
3
3
3
3
3
3
3
3
3
3
3
3
3
3
3
3
3
3
3
3
3
3
3
3
3
3
3
3
3
3
3
3
3
3
3
3
3
3
3
3
3
3
3
3
3
3
3
3
3
3
3
3
3
3
3
3
3
3
3
3
3
3
3
3
3
3
3
3
3
3
3
3
3
3
3
3
3
3
3
3
3
3
3
3
3
3
3
3
3
3
3
3
3
3
3
3
3
3
3
3
3
3
3
3
3
3
1
3
3
3
2
2
2
1
3
3
3
0
1
3
3
3
3
3
3
3
3
3
3
0
3
1
3
3
3
3
3
3
Modified Activations
3
0
0
0
0
0
0
0
0
0
3
0
0
0
0
0
3
0
3
0
0
0
0
0
0
0
0
0
0
0
0
0
0
0
1
0
0
0
0
0
3
0
0
0
0
0
0
1
0
0
0
0
0
0
0
0
0
0
0
0
3
0
3
0
0
0
0
0
0
0
0
0
0
0
1
1
1
1
0
0
0
0
0
0
1
0
1
1
3
1
2
1
1
1
0
0
0
0
0
0
0
0
0
0
0
0
0
0
3
0
0
0
0
0
0
0
0
0
0
0
0
0
0
1
0
1
3
0
0
0
0
0
0
0
0
0
0
0
0
0
0
0
0
0
0
0
0
0
0
0
0
0
0
0
0
0
0
0
0
0
0
0
0
0
0
0
0
0
0
0
0
0
0
0
0
0
0
0
0
0
0
0
0
0
0
0
0
0
0
0
0
0
0
0
0
0
0
0
0
0
0
0
0
0
0
0
0
0
0
0
0
0
0
0
0
0
0
0
0
0
0
0
0
0
0
0
0
0
0
0
0
0
0
0
0
0
0
0
0
0
0
0
0
0
0
0
0
0
3
0
0
0
2
2
2
3
0
0
0
1
3
0
0
0
0
0
0
0
0
0
0
1
0
3
0
0
0
0
0
0
fidelity_plus: 2.4642857142857144
completeness: 0.09642857142857143
