Modification Function: aggressive
Modification Noise Amount: 0.5
Dataset: bacommunity
Explaination method: gcexplainer
Baseline Activations
2
0
0
0
0
0
0
0
0
0
2
0
0
0
0
0
2
0
2
0
0
0
0
0
0
0
0
0
0
0
0
0
0
0
3
0
0
0
0
0
2
0
0
0
0
0
0
3
0
0
0
0
0
0
0
0
0
0
0
0
2
0
2
0
0
0
0
0
0
0
0
0
0
0
3
3
3
3
0
0
0
0
0
0
3
0
3
3
2
3
1
3
3
3
0
0
0
0
0
0
0
0
0
0
0
0
0
0
2
0
0
0
0
0
0
0
0
0
0
0
0
0
0
3
0
3
2
0
0
0
0
0
0
0
0
0
0
0
0
0
0
0
0
0
0
0
0
0
0
0
0
0
0
0
0
0
0
0
0
0
0
0
0
0
0
0
0
0
0
0
0
0
0
0
0
0
0
0
0
0
0
0
0
0
0
0
0
0
0
0
0
0
0
0
0
0
0
0
0
0
0
0
0
0
0
0
0
0
0
0
0
0
0
0
0
0
0
0
0
0
0
0
0
0
0
0
0
0
0
0
0
0
0
0
0
0
0
0
0
0
0
0
0
0
0
0
0
0
2
0
0
0
1
1
1
2
0
0
0
3
2
0
0
0
0
0
0
0
0
0
0
3
0
2
0
0
0
0
0
0
Modified Activations
0
1
0
1
0
1
2
1
1
1
1
1
1
1
2
0
0
0
0
0
1
1
2
2
0
1
0
1
0
1
2
1
2
1
0
1
1
0
1
0
0
1
1
1
1
1
0
2
1
0
0
0
0
0
1
1
1
1
2
2
0
0
1
0
1
0
1
1
1
0
0
0
0
0
0
2
2
2
0
0
0
1
1
1
2
1
0
2
2
2
0
0
2
3
1
1
1
2
2
1
1
0
0
1
0
1
1
1
0
2
0
1
1
0
1
0
1
1
0
0
1
1
1
2
1
2
0
0
1
0
0
1
2
1
0
1
0
1
0
0
2
1
1
1
1
2
1
1
0
1
1
1
1
1
0
0
0
1
0
0
2
1
1
2
0
0
0
1
2
1
1
1
0
1
0
0
0
1
1
0
1
1
2
0
0
0
1
1
1
0
0
2
0
1
0
1
1
1
1
0
1
1
1
0
0
1
0
2
0
1
0
1
1
2
1
0
0
2
1
1
2
0
0
1
0
2
0
1
1
1
1
1
2
0
0
1
1
1
1
0
0
1
1
0
1
1
1
1
2
1
0
0
2
3
3
2
2
1
0
0
0
1
1
1
1
1
0
2
1
0
0
3
1
0
1
2
1
1
0
1
fidelity_plus: -0.5178571428571429
completeness: 0.07857142857142857
