Modification Function: aggressive
Modification Noise Amount: 0.8
Dataset: bacommunity
Explaination method: gcexplainer
Baseline Activations
2
0
0
0
0
0
0
0
0
0
2
0
0
0
0
0
2
0
2
0
0
0
0
0
0
0
0
0
0
0
0
0
0
0
1
0
0
0
0
0
2
0
0
0
0
0
0
1
0
0
0
0
0
0
0
0
0
0
0
0
2
0
2
0
0
0
0
0
0
0
0
0
0
0
1
1
1
2
0
0
0
0
0
0
1
0
1
1
2
1
3
1
3
2
0
0
0
0
0
0
0
0
0
0
0
0
0
0
2
0
0
0
0
0
0
0
0
0
0
0
0
0
0
1
0
1
2
0
0
0
0
0
0
0
0
0
0
0
0
0
0
0
0
0
0
0
0
0
0
0
0
0
0
0
0
0
0
0
0
0
0
0
0
0
0
0
0
0
0
0
0
0
0
0
0
0
0
0
0
0
0
0
0
0
0
0
0
0
0
0
0
0
0
0
0
0
0
0
0
0
0
0
0
0
0
0
0
0
0
0
0
0
0
0
0
0
0
0
0
0
0
0
0
0
0
0
0
0
0
0
0
0
0
0
0
0
0
0
0
0
0
0
0
0
0
0
0
0
2
0
0
0
1
3
3
2
0
0
0
2
2
0
0
0
0
0
0
0
0
0
0
1
0
2
0
0
0
0
0
0
Modified Activations
2
1
0
2
0
0
0
0
0
0
0
0
0
0
0
0
1
0
1
0
1
0
2
0
0
1
0
0
0
0
0
0
0
1
0
0
0
1
0
0
0
0
1
0
0
0
0
2
2
0
0
0
0
0
1
2
2
0
2
0
0
0
0
0
0
1
0
1
0
1
0
0
2
0
1
0
0
0
2
0
0
0
0
0
0
0
0
0
0
0
2
0
0
1
0
1
1
0
0
1
0
1
0
2
0
0
1
0
0
0
1
0
0
0
0
0
0
0
0
2
0
0
0
0
0
0
0
0
0
0
1
0
0
0
0
2
2
0
0
2
0
0
1
2
0
0
2
0
0
1
0
1
0
0
1
0
0
0
1
0
1
0
0
0
1
1
0
0
0
0
2
0
0
0
0
0
0
1
1
2
0
0
0
0
0
0
0
0
0
0
1
0
0
0
0
2
0
0
2
1
0
0
0
0
0
0
0
0
0
1
0
0
1
0
0
2
1
2
0
0
0
1
1
0
1
0
1
1
0
0
0
0
0
1
1
0
1
0
0
0
0
0
0
0
0
0
0
2
1
0
0
1
0
0
2
0
0
0
0
2
0
2
0
0
0
0
0
0
0
2
0
0
0
1
0
0
0
0
0
1
Fidelity: -0.16428571428571428
